8 0.0005
4 0.001
5 0.0011
8 0.0015
7 0.0025
7 0.0026
5 0.0028
3 0.0032
4 0.0033
6 0.0033
9 0.0038
9 0.004
8 0.0041
4 0.005
8 0.0051
4 0.0055
5 0.0062
9 0.0064
8 0.0066
4 0.0069
4 0.0071
5 0.0073
7 0.0073
7 0.0077
6 0.0084
9 0.0105
4 0.0113
9 0.0125
3 0.0128
0 0.0132
3 0.0133
4 0.0134
7 0.0137
6 0.014
5 0.0141
5 0.0143
6 0.0143
6 0.0146
4 0.0154
6 0.0156
6 0.0166
5 0.0173
6 0.0175
8 0.0175
9 0.0177
8 0.0183
2 0.0184
8 0.0192
4 0.0193
5 0.0193
7 0.0194
2 0.0195
6 0.0203
9 0.0212
8 0.0226
9 0.0227
3 0.0229
4 0.023
5 0.0233
9 0.0234
5 0.0238
7 0.024
6 0.0243
7 0.0247
6 0.0253
5 0.0261
6 0.0263
8 0.0264
6 0.0268
1 0.0269
5 0.027
2 0.0271
6 0.0282
9 0.0286
6 0.029
7 0.0297
6 0.0304
8 0.0318
6 0.0323
9 0.0323
8 0.0325
9 0.0325
8 0.0327
5 0.033
5 0.0334
2 0.0335
8 0.0339
1 0.0352
3 0.0353
5 0.0354
6 0.0357
8 0.0359
2 0.0379
6 0.0379
7 0.0384
9 0.0385
9 0.0386
6 0.0389
9 0.0395
7 0.0396
7 0.0409
6 0.0413
1 0.0415
6 0.0421
2 0.0423
9 0.0426
2 0.0427
9 0.0428
6 0.0431
6 0.0433
6 0.0434
9 0.0435
4 0.044
8 0.0442
8 0.0445
4 0.0449
3 0.045
9 0.0453
2 0.0456
9 0.0458
7 0.046
8 0.046
9 0.0464
5 0.0474
5 0.0478
1 0.0481
6 0.0489
8 0.0489
4 0.0499
8 0.0504
9 0.0505
9 0.0506
5 0.0507
8 0.0511
8 0.0512
6 0.0513
3 0.0517
8 0.0518
9 0.0518
4 0.0523
5 0.0528
9 0.0535
5 0.0541
2 0.0546
3 0.0556
3 0.0565
8 0.0565
8 0.0567
5 0.0568
7 0.0569
8 0.0569
7 0.0575
3 0.0576
3 0.0579
5 0.058
7 0.0582
9 0.0582
4 0.0585
3 0.0589
9 0.0589
3 0.0596
2 0.0598
8 0.0598
1 0.0612
0 0.0618
8 0.062
4 0.0621
5 0.0622
7 0.063
7 0.0631
7 0.0633
6 0.0639
2 0.0641
6 0.0646
7 0.0661
4 0.0662
6 0.0666
8 0.0667
3 0.0669
1 0.0671
8 0.0674
7 0.0675
4 0.0677
8 0.0678
9 0.0678
2 0.0681
2 0.0682
6 0.0682
9 0.0683
8 0.0689
2 0.0691
9 0.0697
7 0.0706
9 0.0713
5 0.0719
3 0.0725
9 0.0726
6 0.0731
0 0.0732
6 0.074
6 0.0742
4 0.0747
4 0.075
9 0.0751
4 0.0753
5 0.0758
9 0.0759
9 0.076
6 0.0762
9 0.0769
4 0.0774
6 0.078
8 0.0781
7 0.0788
8 0.0788
2 0.0791
9 0.0794
1 0.0807
1 0.081
7 0.0813
7 0.0819
4 0.0821
9 0.0826
6 0.0827
3 0.0834
5 0.0838
7 0.0841
8 0.0844
6 0.0846
3 0.0865
8 0.0887
9 0.0888
8 0.0891
2 0.0892
7 0.0892
9 0.0897
8 0.0899
9 0.0901
5 0.0905
8 0.0905
6 0.0906
7 0.0908
3 0.0916
2 0.0917
5 0.0918
7 0.0926
8 0.0928
3 0.0931
9 0.0941
4 0.0948
3 0.0957
2 0.0962
7 0.0966
5 0.0968
8 0.0969
5 0.097
8 0.0971
9 0.0974
6 0.0978
4 0.0981
7 0.0982
8 0.0986
8 0.0994
4 0.0996
